3 withdraw 1000 14 4 2018
3 deposit  2000 14 4 2018
3 withdraw 3000 14 4 2018
3 deposit  5000 15 5 2018
3 withdraw 1000 20 5 2018
1 withdraw 6000 20 5 2018
1 deposit  4000 25 5 2018
4 withdraw 3000 3 4 2018
2 deposit  3000 1 8 2018
2 withdraw 5000 1 8 2018
2 deposit  4000 4 8 2018
2 withdraw 2000 18 8 2018
2 withdraw 3000 20 10 2018
2 deposit  7000 12 12 2018
8 withdraw 2000 19 2 2018
8 withdraw 1000 5 4 2018
8 deposit  4000 31 7 2018
8 withdraw 5000 31 7 2018
8 deposit  2000 25 8 2018
8 deposit  4000 11 11 2018
8 withdraw 2000 12 12 2018
8 withdraw 3000 31 12 2018
9 withdraw 4000 11 6 2018
9 withdraw 1000 15 6 2018
9 deposit  6000 11 7 2018
9 deposit  1000 29 7 2018
9 withdraw 2000 20 9 2018
9 withdraw 500 25 9 2018
9 deposit  2000 18 12 2018
5 withdraw 1000 6 6 2018
5 deposit  3000 18 7 2018
6 withdraw 1000 2 2 2018
6 withdraw 2000 3 4 2018
6 deposit  5000 29 5 2018
6 withdraw 1500 29 5 2018
6 withdraw 3000 1 6 2018
6 deposit  4000 25 7 2018
6 withdraw 2000 25 7 2018
6 withdraw 1000 25 7 2018
6 deposit  2000 19 8 2018
6 withdraw 4500 22 8 2018
6 deposit  2500 22 8 2018
6 withdraw 1600 14 9 2018
7 deposit  6500 31 1 2018
7 withdraw 1500 14 2 2018
7 withdraw 2000 21 3 2018
7 deposit  4000 6 5 2018
7 withdraw 1200 6 5 2018
7 withdraw 500 6 5 2018
7 deposit  1000 6 5 2018
7 deposit  1500 20 6 2018
7 withdraw 2900 26 7 2018
7 withdraw 3000 14 8 2018
7 deposit  1000 14 8 2018
7 deposit  2300 21 9 2018
7 withdraw 3400 22 11 2018
7 withdraw 1000 25 12 2018
10 deposit 1500 22 3 2018
10 withdraw 2000 22 3 2018
10 withdraw 2500 4 4 2018
10 deposit  5000 4 6 2018
10 withdraw 1000 12 6 2018
10 withdraw 2100 3 7 2018
10 deposit  4500 27 8 2018
10 deposit  1000 27 8 2018
4 withdraw 1000 5 5 2018
1 Deposit 10000000 5 5 2018
4 withdraw 1500 5 5 2018
